1000
30
5
PROCESS_0 16 1912 46 1 1 2101
PROCESS_1 17 3446 1 1 1 3450
PROCESS_2 18 2808 1 1 3 2842
PROCESS_3 19 1896 1 1 1 1918
PROCESS_4 20 2834 1 2 1 2876
PROCESS_5 21 2976 1 2 3 3023
PROCESS_6 22 1559 17 2 1 1678
PROCESS_7 23 2521 1 1 1 2548
PROCESS_8 24 2813 12 2 1 2910
PROCESS_9 25 3344 24 1 1 3432
PROCESS_10 26 3202 1 1 1 3231
PROCESS_11 27 168 1 1 1 185
PROCESS_12 28 1439 1 1 3 1462
PROCESS_13 29 2474 5 2 1 2537
PROCESS_14 30 2610 49 1 1 2751
PROCESS_15 31 2692 22 1 1 2790
PROCESS_16 32 1198 1 1 3 1222
PROCESS_17 33 1019 4 1 1 1036
PROCESS_18 34 641 49 2 1 976
PROCESS_19 35 678 7 1 1 725
PROCESS_20 36 3134 1 1 1 3166
PROCESS_21 37 768 25 1 1 874
PROCESS_22 38 3182 1 1 1 3194
PROCESS_23 39 1477 16 2 1 1598
PROCESS_24 40 2348 43 1 1 2509
PROCESS_25 41 2640 33 1 1 2773
PROCESS_26 42 3134 1 1 1 3162
PROCESS_27 43 2456 1 2 2 2491
PROCESS_28 44 3320 32 2 1 3567
PROCESS_29 45 1619 1 2 1 1650
23 2614
18 3605
19 2829
26 3289
40 3846